+43678409545
+43678409546
+43678409547
+43678409548
+43678409549
+43678409550
+43678409551
+43678409552
+43678409553
+43678409554
+43678409555
+43678409556
+43678409557
+43678409558
+43678409560
+43678409561
+43678409562
+43678409563
+43678409564
+43678409565
+43678409566
+43678409567
+43678409568
+43678409569
+43678409570
+43678409571
+43678409572
+43678409573
+43678409574
+43678409575
+43678409576
+43678409577
+43678409578
+43678409580
+43678409581
+43678409582
+43678409583
+43678409584
+43678409585
+43678409586
+43678409588
+43678409589
+43678409590
+43678409593
+43678409594
+43678409595
+43678409596
+43678409597
+43678409598
+43678409599
+43678409600
+43678409601
+43678409602
+43678409603
+43678409604
+43678409605
+43678409606
+43678409607
+43678409608
+43678409609
+43678409610
+43678409611
+43678409612
+43678409613
+43678409614
+43678409615
+43678409616
+43678409617
+43678409618
+43678409619
+43678409620
+43678409621
+43678409622
+43678409623
+43678409624
+43678409625
+43678409626
+43678409628
+43678409629
+43678409630
+43678409631
+43678409633
+43678409634
+43678409635
+43678409636
+43678409637
+43678409638
+43678409639
+43678409640
+43678409641
+43678409642
+43678409643
+43678409644